City_ID,City,Lat,Lng,Max Temp,Humidity,Cloudiness,Wind Speed,Country,Date
0,yuni,13.4192,122.4833,29.59,72,52,1.79,PH,1694841475
1,port-aux-francais,-49.35,70.2167,5.49,92,97,15.61,TF,1694841475
2,adamstown,-25.066,-130.1015,17.8,91,100,15.88,PN,1694841476
3,santana,-0.0583,-51.1817,27.1,89,0,4.12,BR,1694841476
4,tiksi,71.6872,128.8694,1.92,71,100,7.79,RU,1694841476
5,sanming,26.2486,117.6186,28.97,73,100,1.17,CN,1694841476
6,port mathurin,-19.6833,63.4167,22.92,73,60,9.1,MU,1694841477
7,hermanus,-34.4187,19.2345,8.78,65,87,10.81,ZA,1694841477
8,minas de marcona,-15.2119,-75.1103,12.95,81,99,2.98,PE,1694841477
9,georgetown,5.4112,100.3354,31.96,66,20,3.09,MY,1694841186
10,waitangi,-43.9535,-176.5597,9.9,79,58,4.02,NZ,1694841478
11,arraial do cabo,-22.9661,-42.0278,19.82,75,85,2.89,BR,1694841478
12,ushuaia,-54.8,-68.3,0.81,86,75,4.63,AR,1694841423
13,bethel,41.3712,-73.414,16.05,76,0,2.57,US,1694841479
14,mejit,10.2753,170.8646,28.62,78,25,6.54,MH,1694841479
15,urangan,-25.3,152.9,21.73,61,0,6.5,AU,1694841480
16,port alfred,-33.5906,26.891,12.32,69,73,2.24,ZA,1694841480
17,longyearbyen,78.2186,15.6401,-0.09,80,75,3.09,SJ,1694841480
18,bilibino,68.0546,166.4372,3.28,95,100,0.81,RU,1694841481
19,namtsy,62.7161,129.6658,4.07,70,99,11.23,RU,1694841481
20,vila do maio,15.1333,-23.2167,25.44,76,92,4.57,CV,1694841377
21,aioun,16.6614,-9.6149,26.85,65,100,4.6,MR,1694841482
22,gordonvale,-17.0936,145.7842,28.28,65,9,4.27,AU,1694841482
23,hamilton,39.1834,-84.5333,16.05,78,0,0.89,US,1694841295
24,hailin,44.5833,129.4167,23.04,66,0,1.83,CN,1694841483
25,katsuura,35.1333,140.3,27.65,86,67,5.19,JP,1694841483
26,kyzyl-mazhalyk,51.1333,90.6,9.85,79,100,0.87,RU,1694841483
27,iqaluit,63.7506,-68.5145,0.85,86,40,7.72,CA,1694841484
28,usinsk,65.9939,57.5281,6.95,90,100,5.51,RU,1694841484
29,hadibu,12.65,54.0333,27.7,73,58,8.86,YE,1694841484
30,jamestown,42.097,-79.2353,11.8,92,0,0.45,US,1694841217
31,howrah,22.5892,88.3103,32.0,79,75,3.09,IN,1694841485
32,callao,-12.0667,-77.15,19.16,77,40,2.06,PE,1694841485
33,recreo,-29.2818,-65.061,20.86,25,0,5.45,AR,1694841254
34,whitehorse,60.7161,-135.0538,7.43,78,40,4.12,CA,1694841486
35,juneau,58.3019,-134.4197,10.68,95,75,3.6,US,1694841199
36,tazovsky,67.4667,78.7,9.95,88,76,7.4,RU,1694841486
37,nogliki,51.8333,143.1667,13.98,58,65,7.84,RU,1694841484
38,blackmans bay,-43.0167,147.3167,12.51,87,89,1.67,AU,1694841487
39,mo i rana,66.3128,14.1428,7.96,93,40,2.24,NO,1694841487
40,invercargill,-46.4,168.35,15.57,61,57,7.15,NZ,1694841488
41,broken hill,-31.95,141.4333,30.07,14,0,6.67,AU,1694841488
42,porto novo,6.4965,2.6036,25.9,92,100,2.74,BJ,1694841488
43,grytviken,-54.2811,-36.5092,0.35,95,100,4.11,GS,1694841423
44,albany,42.6001,-73.9662,14.23,75,100,2.37,US,1694841489
45,hawaiian paradise park,19.5933,-154.9731,23.82,95,100,5.14,US,1694841489
46,wailua homesteads,22.0669,-159.378,27.24,81,100,8.23,US,1694841489
47,misratah,32.3754,15.0925,23.79,67,33,3.45,LY,1694841490
48,west island,-12.1568,96.8225,27.99,69,99,6.69,CC,1694841490
49,edinburgh of the seven seas,-37.0676,-12.3116,14.8,91,87,12.39,SH,1694841490
50,anadyr,64.75,177.4833,6.28,86,75,3.0,RU,1694841490
51,port macquarie,-31.4333,152.9167,23.27,47,0,6.61,AU,1694841401
52,petropavlovsk-kamchatsky,53.0452,158.6483,10.33,93,75,3.0,RU,1694841491
53,utrik,11.2278,169.8474,28.71,78,88,6.96,MH,1694841491
54,usogorsk,63.4106,48.6872,12.27,94,98,1.6,RU,1694841491
55,puerto san jose,13.9256,-90.8244,26.48,84,95,2.49,GT,1694841492
56,sehore,23.2,77.0833,24.15,96,100,6.9,IN,1694841492
57,ancud,-41.8697,-73.8203,7.69,80,100,9.22,CL,1694841492
58,bandar lampung,-5.4254,105.258,31.86,51,64,3.66,ID,1694841492
59,itambe,-15.245,-40.6244,19.5,94,33,0.92,BR,1694841493
60,nadi,-17.8,177.4167,28.0,74,100,5.14,FJ,1694841493
61,urzhar,47.093,81.6294,17.15,47,33,2.94,KZ,1694841493
62,hyrum,41.6341,-111.8522,17.76,48,0,2.68,US,1694841494
63,nha trang,12.25,109.1833,32.0,67,66,4.19,VN,1694841494
64,visby,57.6409,18.296,12.12,100,20,3.09,SE,1694841494
65,nemuro,43.3236,145.575,19.3,87,100,4.95,JP,1694841494
66,palmeiras de goias,-16.805,-49.9258,23.46,58,73,1.88,BR,1694841494
67,yellowknife,62.456,-114.3525,12.45,83,20,2.06,CA,1694841376
68,lorengau,-2.0226,147.2712,28.03,73,99,8.44,PG,1694841495
69,puerto ayora,-0.7393,-90.3518,23.08,89,99,1.79,EC,1694841495
70,enewetak,11.3474,162.3373,29.28,76,11,6.83,MH,1694841495
71,atwater,37.3477,-120.6091,25.04,60,0,1.54,US,1694841305
72,pacific grove,36.6177,-121.9166,17.23,87,100,2.06,US,1694841496
73,avarua,-21.2078,-159.775,24.03,83,83,6.69,CK,1694841283
74,port blair,11.6667,92.75,29.02,84,75,4.12,IN,1694841328
75,papatowai,-46.5619,169.4708,14.6,57,82,9.95,NZ,1694841496
76,aquin,18.2833,-73.4,26.78,85,85,0.95,HT,1694841497
77,tateyama,34.9833,139.8667,28.35,80,38,4.66,JP,1694841497
78,schramberg,48.224,8.3858,17.15,79,59,1.86,DE,1694841497
79,qamdo,31.1667,97.2333,14.22,42,4,1.92,CN,1694841497
80,port-vila,-17.7338,168.3219,24.78,78,75,4.63,VU,1694841497
81,east london,-33.0153,27.9116,12.52,71,0,4.12,ZA,1694841498
82,margaret river,-33.95,115.0667,15.91,70,100,3.19,AU,1694841246
83,jeddah,21.5169,39.2192,32.92,58,0,0.0,SA,1694841498
84,arroyo,41.6096,-4.7969,17.28,82,0,2.57,ES,1694841499
85,xudat,41.631,48.681,21.52,56,0,1.87,AZ,1694841499
86,luba,3.4568,8.5547,24.94,84,100,2.05,GQ,1694841499
87,colonia,50.9333,6.95,16.65,82,0,1.03,DE,1694841488
88,ponta delgada,37.7333,-25.6667,19.4,55,40,3.09,PT,1694841499
89,bath,51.3779,-2.3591,15.21,94,75,2.25,GB,1694841500
90,dabou,5.3256,-4.3769,23.61,95,100,3.53,CI,1694841500
91,ibipora,-23.2692,-51.0481,16.4,63,0,1.03,BR,1694841500
92,orchard homes,46.8633,-114.0484,16.29,50,0,1.34,US,1694841500
93,puerto natales,-51.7236,-72.4875,-0.49,89,10,2.43,CL,1694841501
94,oranjemund,-28.55,16.4333,11.77,85,80,3.6,NA,1694841501
95,ust-nera,64.5667,143.2,6.4,56,100,1.1,RU,1694841501
96,bluefields,12.0137,-83.7635,26.25,86,100,1.93,NI,1694841352
97,manaure,11.7751,-72.4445,29.47,73,98,5.16,CO,1694841501
98,nikolayevsk-on-amure,53.1406,140.73,16.25,36,56,5.86,RU,1694841502
99,hasaki,35.7333,140.8333,30.22,76,44,1.86,JP,1694841502
100,la passe,45.5549,-0.8967,18.34,89,100,4.12,FR,1694841502
101,keflavik,64.0049,-22.5624,8.24,100,100,4.12,IS,1694841502
102,kargil,34.5667,76.1,16.62,36,0,1.48,IN,1694841503
103,tura,25.5198,90.2201,30.78,63,7,1.18,IN,1694841503
104,port elizabeth,-33.918,25.5701,12.28,54,0,6.69,ZA,1694841503
105,rundu,-17.9333,19.7667,17.07,26,0,1.73,NA,1694841503
106,naha,26.2125,127.6811,29.95,84,75,5.14,JP,1694841504
107,lethem,3.3803,-59.7968,27.53,51,12,3.17,GY,1694841504
108,iquique,-20.2208,-70.1431,18.02,83,57,2.68,CL,1694841504
109,nova sintra,14.8667,-24.7167,23.39,77,37,6.13,CV,1694841377
110,vorgashor,67.5833,63.95,6.57,70,96,4.1,RU,1694841505
111,novyye lapsary,56.0685,47.2142,15.84,59,0,0.0,RU,1694841505
112,chonchi,-42.6128,-73.8092,6.56,88,93,4.03,CL,1694841451
113,kamina,-8.7386,24.9906,20.51,42,2,1.09,CD,1694841505
114,coquimbo,-29.9533,-71.3436,13.85,100,100,1.54,CL,1694841301
115,soe,-9.8607,124.284,27.53,36,7,5.7,ID,1694841506
116,tolanaro,-25.0319,46.9987,22.82,73,4,5.39,MG,1694841506
117,olonkinbyen,70.9221,-8.7187,2.79,63,23,5.22,SJ,1694841506
118,manokwari,-0.8667,134.0833,26.91,78,100,0.49,ID,1694841279
119,cabo san lucas,22.8909,-109.9124,28.67,74,0,2.95,MX,1694841466
120,wichian buri,15.6578,101.106,24.62,96,100,2.92,TH,1694841507
121,great falls,47.5002,-111.3008,19.27,41,0,5.66,US,1694841388
122,chilecito,-29.1619,-67.4974,17.87,15,0,1.47,AR,1694841507
123,afaahiti,-17.75,-149.2833,22.93,84,88,8.44,PF,1694841507
124,dauphin,51.1494,-100.0502,13.08,88,100,2.06,CA,1694841508
125,uzgen,40.7699,73.3007,20.16,27,75,3.07,KG,1694841508
126,labrador city,52.9463,-66.9114,2.95,100,0,0.0,CA,1694841508
127,lowell,42.6334,-71.3162,17.13,72,0,6.69,US,1694841508
128,ribeira grande,38.5167,-28.7,20.43,67,0,4.47,PT,1694841509
129,fuglafjordur,62.244,-6.814,3.26,76,37,2.11,FO,1694841509
130,isafjordur,66.0755,-23.124,6.21,83,54,2.87,IS,1694841509
131,solapur,17.6833,75.9167,28.21,58,100,8.46,IN,1694841509
132,zaozersk,69.4005,32.4476,4.22,85,64,3.87,RU,1694841509
133,kani keli,-12.9536,45.1033,26.59,74,54,1.41,YT,1694841510
134,saint-georges,12.0564,-61.7485,27.82,83,20,5.66,GD,1694841387
135,yinchuan,38.4681,106.2731,28.86,27,37,1.36,CN,1694841502
136,taizhou,32.4933,119.9106,26.9,74,84,0.43,CN,1694841510
137,stanley,54.868,-1.6985,11.51,94,100,7.2,GB,1694841510
138,teruel,40.6667,-0.6667,13.19,77,54,2.78,ES,1694841511
139,blagoveshchensk,50.2667,127.5333,18.34,36,40,1.0,RU,1694841511
140,saipan,15.1355,145.701,31.39,74,40,5.66,MP,1694841511
141,margate,51.3813,1.3862,17.61,93,71,0.89,GB,1694841511
142,laboulaye,-34.1266,-63.3912,14.46,36,0,5.21,AR,1694841512
143,tual,-5.6667,132.75,25.48,81,45,7.99,ID,1694841512
144,san patricio,28.017,-97.5169,28.23,70,28,4.46,US,1694841512
145,kroya,-7.6331,109.2461,28.31,65,62,5.69,ID,1694841512
146,al bardiyah,31.7561,25.0865,23.93,74,0,5.06,LY,1694841512
147,alofi,-19.0595,-169.9187,23.94,73,54,3.6,NU,1694841513
148,nyrob,60.733,56.7202,15.64,69,32,0.03,RU,1694841513
149,touros,-5.1989,-35.4608,24.51,83,97,5.36,BR,1694841513
150,williams lake,52.1415,-122.1445,18.76,38,75,1.54,CA,1694841513
151,richlands,37.0932,-81.7937,17.03,94,0,0.0,US,1694841513
152,buritis,-15.6178,-46.4233,24.63,63,100,2.94,BR,1694841245
153,nagqu,31.5,92.0,14.17,44,89,3.87,CN,1694841514
154,qaqortoq,60.7167,-46.0333,4.01,98,100,4.1,GL,1694841515
155,karratha,-20.7377,116.8463,32.99,23,0,6.1,AU,1694841515
156,kerikeri,-35.2268,173.9474,16.06,68,3,1.79,NZ,1694841515
157,dudinka,69.4058,86.1778,3.68,94,100,5.68,RU,1694841515
158,veshenskaya,49.6303,41.7334,15.63,51,100,1.5,RU,1694841515
159,gwadar,25.1216,62.3254,27.33,77,39,2.75,PK,1694841516
160,khandyga,62.6667,135.6,2.52,97,100,5.03,RU,1694841516
161,nacala,-14.5428,40.6728,25.72,73,2,2.16,MZ,1694841336
162,sinabang,2.4803,96.3801,27.34,83,88,3.63,ID,1694841516
163,kruisfontein,-34.0033,24.7314,11.05,55,45,11.07,ZA,1694841516
164,atafu village,-8.5421,-172.5159,28.81,74,32,5.79,TK,1694841517
165,santa ana,33.7456,-117.8678,21.14,82,100,2.06,US,1694841461
166,dubovskoye,47.4092,42.7575,12.56,85,100,4.09,RU,1694841517
167,al kharijah,25.4514,30.5464,24.36,38,0,3.51,EG,1694841517
168,carnarvon,-24.8667,113.6333,23.46,56,0,6.69,AU,1694841517
169,abashiri,44.0213,144.2697,26.16,57,40,2.06,JP,1694841518
170,la palma,33.8464,-118.0467,21.39,84,75,3.09,US,1694841443
171,sisimiut,66.9395,-53.6735,2.54,72,92,2.84,GL,1694841518
172,thakhek,17.4103,104.8307,29.06,80,99,1.59,LA,1694841518
173,lebu,-37.6167,-73.65,10.87,91,100,5.63,CL,1694841519
174,mandalgovi,45.7625,106.2708,13.13,46,84,1.36,MN,1694841519
175,bhavnagar,21.7667,72.15,25.39,87,100,4.53,IN,1694841519
176,tomatlan,19.9333,-105.25,26.09,94,81,1.04,MX,1694841519
177,udachny,66.4167,112.4,3.03,69,73,8.59,RU,1694841520
178,souillac,-20.5167,57.5167,25.21,65,75,5.14,MU,1694841520
179,vernon,50.2581,-119.2691,20.13,42,1,1.54,CA,1694841252
180,cadale,2.7603,46.3222,26.62,70,67,7.5,SO,1694841520
181,masterton,-40.9597,175.6575,11.6,66,29,4.54,NZ,1694841520
182,tottori,35.5,134.2333,30.04,74,40,2.06,JP,1694841521
183,el calafate,-50.3408,-72.2768,-1.0,66,5,3.68,AR,1694841521
184,mugardos,43.4564,-8.2466,18.32,85,100,2.34,ES,1694841521
185,lihue,21.9789,-159.3672,27.58,81,100,8.23,US,1694841370
186,new brighton,45.0655,-93.2019,17.08,93,100,1.54,US,1694841521
187,astrakhan,46.3497,48.0408,16.93,77,0,3.13,RU,1694841522
188,caspe,41.234,-0.0395,18.6,92,52,2.28,ES,1694841522
189,grand falls-windsor,48.9332,-55.6649,14.72,91,100,0.58,CA,1694841522
190,kayyerkan,69.3786,87.7439,3.5,100,100,4.5,RU,1694841522
191,cole harbour,44.6724,-63.4751,19.42,96,100,8.75,CA,1694841523
192,luanda,-8.8368,13.2343,22.0,88,75,2.06,AO,1694841402
193,trincomalee,8.5711,81.2335,31.88,54,50,5.73,LK,1694841523
194,shymkent,42.3,69.6,22.33,38,0,2.0,KZ,1694841523
195,sandnessjoen,66.0217,12.6316,7.29,78,100,9.72,NO,1694841523
196,northam,51.0333,-4.2167,14.78,93,64,2.54,GB,1694841524
197,hammerfest,70.6634,23.6821,2.25,87,53,1.54,NO,1694841524
198,llallagua,-18.4167,-66.6333,6.47,53,0,1.35,BO,1694841524
199,susuman,62.7833,148.1667,9.02,45,36,2.01,RU,1694841524
200,mallawi,27.7314,30.8417,23.94,50,0,5.75,EG,1694841524
201,upington,-28.4478,21.2561,10.21,71,75,5.66,ZA,1694841525
202,guerrero negro,27.9769,-114.0611,20.27,80,0,7.03,MX,1694841525
203,pinckneyville,38.0803,-89.382,15.19,55,69,0.36,US,1694841525
204,ilulissat,69.2167,-51.1,3.01,87,100,7.2,GL,1694841525
205,cidreira,-30.1811,-50.2056,14.15,88,23,5.52,BR,1694841526
206,talnakh,69.4865,88.3972,3.45,99,100,2.96,RU,1694841526
207,richards bay,-28.783,32.0377,20.14,69,41,6.29,ZA,1694841526
208,saudarkrokur,65.7461,-19.6394,5.65,90,78,4.02,IS,1694841526
209,weno,7.4515,151.8468,31.97,79,75,2.06,FM,1694841526
210,palmer,42.1584,-72.3287,16.61,68,0,6.69,US,1694841527
211,mittenwald,47.4422,11.2619,15.22,97,8,2.64,DE,1694841527
212,college,64.8569,-147.8028,9.89,75,40,2.57,US,1694841527
213,fort bragg,35.139,-79.006,15.75,89,0,0.0,US,1694841527
214,north bend,43.4065,-124.2243,16.26,94,100,4.63,US,1694841527
215,vrangel',42.7297,133.0839,21.69,79,100,4.59,RU,1694841528
216,anatuya,-28.4606,-62.8347,22.33,24,0,6.93,AR,1694841528
217,sanford,28.8006,-81.2731,27.0,93,0,1.54,US,1694841237
218,dingwall,57.5953,-4.4272,10.51,96,100,0.98,GB,1694841528
219,jayapura,-2.5333,140.7,33.66,77,79,2.21,ID,1694841529
220,gaigeturi,33.4644,126.3183,24.03,94,100,3.6,KR,1694841529
221,alaghsas,17.0187,8.0168,27.94,78,0,2.06,NE,1694841529
222,kone,-21.0595,164.8658,21.98,79,76,3.77,NC,1694841529
223,mount pearl,47.5166,-52.7813,19.69,97,100,3.09,CA,1694841530
224,remire-montjoly,4.9167,-52.2667,26.02,94,0,0.0,GF,1694841530
225,jaciara,-15.9653,-54.9683,24.37,54,1,0.2,BR,1694841530
226,cobija,-11.0267,-68.7692,23.01,75,22,1.1,BO,1694841530
227,urucara,-2.5364,-57.76,25.8,45,10,0.36,BR,1694841530
228,korla,41.7597,86.1469,22.72,26,97,5.99,CN,1694841531
229,pahrump,36.2083,-115.9839,27.03,29,1,1.92,US,1694841530
230,urucui,-7.2294,-44.5561,26.35,32,15,1.32,BR,1694841531
231,namibe,-15.1961,12.1522,18.32,90,97,2.94,AO,1694841532
232,muskegon,43.3,-86.1334,14.38,86,0,1.54,US,1694841532
233,moquegua,-17.1956,-70.9353,15.93,51,2,0.52,PE,1694841532
234,palora,-1.7,-77.9333,18.96,75,93,1.08,EC,1694841532
235,aykhal,66.0,111.5,3.04,57,73,7.35,RU,1694841532
236,rio grande,-32.035,-52.0986,11.64,81,74,6.67,BR,1694841466
237,ouallam,14.3188,2.0866,29.54,55,91,3.79,NE,1694841533
238,rendon,32.5762,-97.2414,23.93,87,0,0.0,US,1694841533
239,pakse,15.1167,105.7833,30.08,74,75,3.09,LA,1694841306
240,axim,4.8699,-2.2405,24.25,93,100,3.47,GH,1694841533
241,maumere,-8.6199,122.2111,28.23,60,18,2.4,ID,1694841534
242,taltal,-25.4,-70.4833,14.72,87,50,2.08,CL,1694841534
243,ijebu-ode,6.8161,3.9159,22.84,98,100,0.69,NG,1694841534
244,vilyuysk,63.7553,121.6247,6.32,50,89,6.56,RU,1694841534
245,bairnsdale,-37.8333,147.6167,28.92,30,0,1.34,AU,1694841534
246,cayambe,0.05,-78.1333,7.59,87,100,2.99,EC,1694841535
247,melfort,52.8667,-104.6177,9.07,87,8,3.6,CA,1694841535
248,koulikoro,14.0,-7.75,23.18,85,100,1.49,ML,1694841535
249,siwa oasis,29.2041,25.5195,23.35,50,0,2.16,EG,1694841378
250,si bun rueang,16.9667,102.2833,25.45,90,100,3.78,TH,1694841536
251,dalbandin,28.8947,64.4101,32.64,11,36,4.61,PK,1694841536
252,vyksa,55.3175,42.1744,14.29,73,100,1.71,RU,1694841536
253,tazacorte,28.629,-17.9293,22.54,83,0,2.24,ES,1694841536
254,port shepstone,-30.7414,30.455,17.88,78,98,8.25,ZA,1694841537
255,bredasdorp,-34.5322,20.0403,9.98,66,67,9.35,ZA,1694841537
256,luderitz,-26.6481,15.1594,12.81,85,18,8.89,NA,1694841537
257,klyuchi,52.2667,79.1667,17.29,60,91,2.81,RU,1694841537
258,castillos,-34.1667,-53.8333,12.8,80,93,5.53,UY,1694841537
259,sarandi del yi,-33.35,-55.6333,11.9,81,100,6.73,UY,1694841538
260,cateel,7.7914,126.4533,29.18,77,37,3.02,PH,1694841538
261,teguise,29.0605,-13.564,19.12,78,20,1.54,ES,1694841538
262,severo-yeniseyskiy,60.3725,93.0408,15.73,54,23,1.31,RU,1694841538
263,buncrana,55.1333,-7.45,10.71,88,100,3.81,IE,1694841538
264,ladyzhyn,48.685,29.2368,16.23,78,40,3.88,UA,1694841539
265,drogheda,53.7189,-6.3478,11.42,92,100,6.41,IE,1694841539
266,tongouson,5.0214,120.1328,28.75,67,74,2.5,PH,1694841539
267,sambava,-14.2667,50.1667,23.07,70,66,4.49,MG,1694841539
268,ghat,24.9647,10.1728,24.92,21,0,2.5,LY,1694841540
269,christchurch,-43.5333,172.6333,16.62,43,100,8.23,NZ,1694841106
270,zouerate,22.7187,-12.4521,27.16,29,0,4.07,MR,1694841540
271,sungai besar,3.6746,100.9867,30.54,61,21,3.32,MY,1694841470
272,vorkuta,67.5,64.0,6.68,71,100,4.2,RU,1694841540
273,muynoq,43.7683,59.0214,21.09,40,0,2.49,UZ,1694841541
274,inderbor,48.55,51.7833,16.13,61,8,1.42,KZ,1694841541
275,lazaro cardenas,17.9583,-102.2,27.72,84,100,1.41,MX,1694841541
276,domna,51.8971,113.1573,14.09,41,100,1.0,RU,1694841541
277,portland,45.5234,-122.6762,24.81,51,0,3.09,US,1694841150
278,tvoroyri,61.5556,-6.8111,8.48,67,2,2.16,FO,1694841542
279,goure,13.9835,10.2704,27.8,55,100,2.09,NE,1694841542
280,rabaul,-4.1967,152.1721,27.36,68,77,8.01,PG,1694841542
281,piti village,13.4626,144.6933,32.49,72,40,4.63,GU,1694841543
282,maturin,9.75,-63.1767,25.91,89,34,2.06,VE,1694841543
283,fale old settlement,-9.3852,-171.2468,28.55,75,15,5.72,TK,1694841543
284,bridgewater,44.3835,-64.5155,18.15,96,100,10.29,CA,1694841543
285,sao joao da barra,-21.6403,-41.0511,19.6,81,100,1.7,BR,1694841544
286,danilov,58.1908,40.1717,10.04,87,50,2.65,RU,1694841544
287,berdigestyakh,62.0989,126.6992,6.12,59,97,7.06,RU,1694841544
288,basyayla,36.7534,32.6802,16.02,31,0,3.72,TR,1694841544
289,kodiak,57.79,-152.4072,10.73,100,100,2.57,US,1694841356
290,mermoz boabab,14.7065,-17.4758,26.31,78,59,4.31,SN,1694841545
291,crozon,48.2464,-4.4899,19.07,94,100,3.09,FR,1694841545
292,sitka,57.0531,-135.33,12.94,62,100,5.66,US,1694841545
293,fort st. john,56.2499,-120.8529,14.94,38,0,1.03,CA,1694841545
294,sodankyla,67.4167,26.6,5.58,86,100,3.17,FI,1694841545
295,punta arenas,-53.15,-70.9167,1.06,80,40,3.6,CL,1694841546
296,mushie,-3.0167,16.9,24.25,81,81,2.07,CD,1694841546
297,kinkala,-4.3614,14.7644,21.62,84,22,2.06,CG,1694841546
298,mili,6.0815,171.735,28.59,75,100,3.13,MH,1694841546
299,sinjai,-5.1241,120.253,30.24,54,49,3.9,ID,1694841547
300,borogontsy,62.6683,131.1683,2.33,89,100,8.11,RU,1694841547
301,ebaye,8.7748,167.7392,31.01,70,0,6.69,MH,1694841547
302,san antonio de pale,-1.4014,5.6325,24.36,80,100,4.45,GQ,1694841547
303,ketchikan,55.3422,-131.6461,12.26,82,100,3.6,US,1694841548
304,sarangani,5.4033,125.4636,28.45,72,35,1.55,PH,1694841548
305,miracema do tocantins,-9.5618,-48.3967,27.89,29,38,1.08,BR,1694841548
306,hithadhoo,-0.6,73.0833,28.22,76,73,7.61,MV,1694841548
307,westport,41.1415,-73.3579,17.9,74,0,3.6,US,1694841518
308,matay,28.419,30.7792,23.27,62,0,5.27,EG,1694841549
309,luganville,-15.5333,167.1667,25.79,67,85,1.96,VU,1694841549
310,'ain deheb,34.8422,1.547,21.71,39,86,2.57,DZ,1694841549
311,san sebastian de la gomera,28.0916,-17.1133,23.54,73,0,1.03,ES,1694841549
312,mary,37.0,62.5,24.02,17,4,4.2,TM,1694841550
313,tsiombe,-25.3,45.4833,25.73,48,0,3.11,MG,1694841550
314,ha'il,27.5219,41.6907,28.01,20,0,2.06,SA,1694841550
315,harstad,68.799,16.5293,8.78,96,100,2.68,NO,1694841550
316,wodonga,-36.1167,146.8833,23.95,52,0,2.91,AU,1694841551
317,duba,27.3513,35.6901,30.17,49,0,3.6,SA,1694841551
318,copiapo,-27.3667,-70.3333,12.83,82,4,0.42,CL,1694841551
319,crane,31.3974,-102.3501,23.2,55,85,2.64,US,1694841551
320,egilsstadir,65.2653,-14.3948,1.95,93,0,2.57,IS,1694841551
321,thompson,55.7435,-97.8558,7.09,93,100,4.12,CA,1694841306
322,mahina,-17.5065,-149.489,23.87,83,75,5.14,PF,1694841552
323,morehead city,34.7229,-76.726,21.1,84,0,0.45,US,1694841552
324,port lincoln,-34.7333,135.8667,21.7,43,0,4.67,AU,1694841552
325,mahabad,36.7631,45.7222,18.93,52,0,2.42,IR,1694841552
326,vila franca do campo,37.7167,-25.4333,19.23,99,31,5.39,PT,1694841553
327,tralee,52.2704,-9.7026,9.27,91,100,3.7,IE,1694841553
328,koungou,-12.7336,45.2042,26.84,74,40,1.54,YT,1694841553
329,karasu mahallesi,41.071,30.7854,19.16,68,33,1.8,TR,1694841553
330,guayaramerin,-10.8368,-65.3614,25.28,61,16,0.74,BO,1694841554
331,constitucion,-35.3333,-72.4167,12.98,96,23,2.46,CL,1694841554
332,erdenet,49.0333,104.0833,6.21,95,100,2.09,MN,1694841554
333,crucecita,-28.95,-58.9833,14.73,61,0,5.31,AR,1694841554
334,dzerzhinskoye,56.8344,95.2283,18.86,44,5,1.81,RU,1694841555
335,maputo,-25.9653,32.5892,22.82,46,0,4.63,MZ,1694841555
336,sao gabriel da cachoeira,-0.1303,-67.0892,23.35,74,59,0.4,BR,1694841555
337,fortuna,40.5982,-124.1573,15.19,95,100,0.0,US,1694841555
338,lianran,24.9227,102.485,22.3,41,3,2.25,CN,1694841556
339,chibougamau,49.9168,-74.3659,8.79,87,0,2.06,CA,1694841439
340,illizi,26.4833,8.4667,20.89,16,0,3.83,DZ,1694841556
341,nizhneudinsk,54.9076,99.0276,18.01,44,59,1.32,RU,1694841556
342,port saint john's,-31.6229,29.5448,15.48,75,99,7.39,ZA,1694841556
343,vadso,70.0744,29.7487,7.09,81,100,5.66,NO,1694841557
344,krasnyy kut,50.95,46.9667,14.52,73,1,2.45,RU,1694841557
345,luau,-10.7073,22.2247,19.96,39,5,1.66,AO,1694841557
346,puebloviejo,10.9938,-74.2844,26.69,72,100,2.46,CO,1694841557
347,arno,60.1167,18.6333,14.32,82,98,5.22,SE,1694841558
348,lompoc,34.6391,-120.4579,18.21,90,0,3.6,US,1694841558
349,bocas del toro,9.3333,-82.25,23.89,79,100,3.21,PA,1694841558
350,san andres,12.5847,-81.7006,29.01,79,20,2.57,CO,1694841558
351,rapid city,44.0805,-103.231,15.12,75,0,2.57,US,1694841314
352,quellon,-43.1167,-73.6167,6.74,82,100,5.93,CL,1694841559
353,withernsea,53.7311,0.0335,16.95,83,100,2.84,GB,1694841559
354,holualoa,19.6228,-155.9522,25.91,87,100,2.06,US,1694841559
355,fuerte olimpo,-21.0415,-57.8738,21.12,57,0,2.48,PY,1694841559
356,aquidauana,-20.4711,-55.7872,20.82,57,0,1.74,BR,1694841560
357,los andes,-32.8337,-70.5983,11.12,59,0,1.13,CL,1694841443
358,isangel,-19.55,169.2667,24.06,78,75,0.0,VU,1694841560
359,nishinoomote,30.7333,131.0,31.31,74,20,4.63,JP,1694841560
360,nar'yan-mar,67.6713,53.087,5.62,77,100,2.04,RU,1694841561
361,wingham,43.8879,-81.3114,10.71,91,0,2.61,CA,1694841561
362,colby,39.3958,-101.0524,13.89,87,0,4.63,US,1694841561
363,alliance,40.9153,-81.1059,12.03,94,0,1.91,US,1694841561
364,kinna,57.5073,12.6946,12.96,98,69,1.73,SE,1694841561
365,porvoo,60.3923,25.6651,16.05,95,99,6.24,FI,1694841562
366,sao tome,0.3365,6.7273,25.12,84,100,4.96,ST,1694841562
367,mormugao,15.4,73.8,28.59,79,40,4.12,IN,1694841562
368,strezhevoy,60.7333,77.5889,15.54,68,24,0.89,RU,1694841562
369,arzua,42.9333,-8.15,15.92,94,100,1.38,ES,1694841563
370,ginir,7.1333,40.7,16.27,79,97,3.76,ET,1694841563
371,kefamenanu,-9.4467,124.4781,29.89,36,3,5.72,ID,1694841563
372,vilyuchinsk,52.9306,158.4028,11.15,88,100,1.58,RU,1694841563
373,yermentau,51.6214,73.1069,13.58,67,100,1.58,KZ,1694841564
374,grand rapids,42.9634,-85.6681,12.91,93,0,1.54,US,1694841349
375,baiti,13.745,-14.7482,24.13,95,96,2.46,SN,1694841564
376,chiplun,17.5333,73.5167,27.47,85,96,2.91,IN,1694841564
377,justo daract,-33.8594,-65.1828,19.99,24,0,4.1,AR,1694841565
378,sainte-anne-des-monts,49.124,-66.4924,11.93,87,100,3.09,CA,1694841344
379,qurayyat,31.3318,37.3428,22.1,53,0,7.2,SA,1694841565
380,ammon,43.4696,-111.9666,12.28,55,0,0.0,US,1694841565
381,malango,-2.9627,119.9001,27.81,54,75,2.66,ID,1694841565
382,bikenibeu village,1.3673,173.1241,30.98,70,75,2.06,KI,1694841566
383,ameca,20.55,-104.0333,20.07,96,80,1.92,MX,1694841566
384,machico,32.7,-16.7667,23.35,82,40,6.17,PT,1694841566
385,palwal,28.15,77.3333,31.88,60,35,6.17,IN,1694841566
386,port hedland,-20.3167,118.5667,36.03,10,0,7.72,AU,1694841566
387,hotan,37.0997,79.9269,28.96,15,3,3.43,CN,1694841567
388,taroa,8.7058,171.2275,28.73,78,98,5.77,MH,1694841567
389,kingston,17.997,-76.7936,25.69,94,95,0.45,JM,1694841335
390,nema,57.5067,50.5011,16.65,51,58,0.84,RU,1694841567
391,bamboo flat,11.7,92.7167,29.05,84,75,4.12,IN,1694841568
392,puerto aysen,-45.4,-72.7,3.99,100,100,1.47,CL,1694841436
393,smithers,54.7804,-127.1743,10.18,57,20,0.0,CA,1694841568
394,vieste,41.8825,16.175,22.25,79,14,1.94,IT,1694841568
395,spittal an der drau,46.8,13.5,16.17,95,67,0.83,AT,1694841568
396,at-bashi,41.1702,75.8106,17.43,41,24,2.05,KG,1694841569
397,impfondo,1.6381,18.0667,22.25,98,94,0.96,CG,1694841569
398,goondiwindi,-28.55,150.3167,28.33,20,0,1.56,AU,1694841569
399,sumter,28.7086,-82.0831,25.05,88,48,2.16,US,1694841569
400,abra pampa,-22.7205,-65.697,8.82,20,0,3.89,AR,1694841570
401,constantia,44.1833,28.65,20.39,74,59,4.17,RO,1694841570
402,villa gesell,-37.2639,-56.973,15.03,67,100,6.1,AR,1694841570
403,kapa'a,22.0752,-159.319,27.99,81,100,8.23,US,1694841570
404,pangody,65.85,74.4859,16.34,59,58,6.01,RU,1694841570
405,piui,-20.4653,-45.9581,18.2,78,53,2.65,BR,1694841571
406,beyneu,45.3167,55.2,20.49,40,56,6.34,KZ,1694841571
407,tubarjal,30.4999,38.216,26.07,28,0,6.49,SA,1694841571
408,carutapera,-1.195,-46.02,26.01,80,36,4.11,BR,1694841571
409,newman,37.3138,-121.0208,24.6,74,19,2.68,US,1694841572
410,markala,13.7021,-6.0659,26.23,74,97,2.01,ML,1694841572
411,alice springs,-23.7,133.8833,32.75,9,0,4.63,AU,1694841572
412,singaparna,-7.3515,108.111,30.37,50,65,3.17,ID,1694841572
413,i-n-salah,27.1935,2.4607,29.64,12,0,5.4,DZ,1694841572
414,tanjung pandan,-2.75,107.65,32.45,53,44,1.62,ID,1694841573
415,naze,28.3667,129.4833,29.51,75,92,4.46,JP,1694841573
416,kavadarci,41.4331,22.0119,18.27,75,4,0.61,MK,1694841573
417,shakawe,-18.3667,21.85,17.18,29,0,2.29,BW,1694841573
418,geraldton,-28.7667,114.6,24.23,46,3,6.69,AU,1694841573
419,lobujya,27.95,86.8167,5.08,59,3,3.03,NP,1694841574
420,samarinda,-0.5,117.15,29.45,75,69,1.63,ID,1694841574
421,zhuanghe,39.7008,122.9911,23.42,76,77,2.65,CN,1694841574
422,larroque,-33.036,-59.0013,15.1,60,21,8.03,AR,1694841574
423,coronel suarez,-37.4547,-61.9334,12.85,53,100,2.67,AR,1694841575
424,iskateley,67.6803,53.1512,5.59,77,100,2.02,RU,1694841575
425,kidal,18.4411,1.4078,30.07,42,83,2.15,ML,1694841575
426,tekkali,18.6167,84.2333,30.41,66,97,1.52,IN,1694841575
427,gaiman,-43.2897,-65.4929,9.65,37,2,9.26,AR,1694841575
428,ninghai,29.2892,121.4247,26.16,89,100,1.2,CN,1694841576
429,kovalam,8.3667,76.9967,26.05,83,100,0.0,IN,1694841576
430,kindu,-2.95,25.95,22.65,87,80,0.96,CD,1694841576
431,mount isa,-20.7333,139.5,31.87,15,0,6.69,AU,1694841576
432,yamada,39.4667,141.95,26.45,75,81,1.55,JP,1694841576
433,chapaev,50.2,51.1667,13.87,83,100,2.06,KZ,1694841577
434,papao,-17.75,-149.55,23.82,82,68,9.23,PF,1694841577
435,veroia,40.5233,22.2036,20.68,70,30,0.69,GR,1694841577
436,ontario,34.0633,-117.6509,25.22,80,0,3.09,US,1694841393
437,kapuskasing,49.4169,-82.4331,16.0,88,100,4.63,CA,1694841541
438,malvan,16.0667,73.4667,27.38,83,100,5.44,IN,1694841578
439,kabalo,-6.05,26.9167,25.36,49,49,1.06,CD,1694841578
440,lapa,-25.7697,-49.7158,9.05,97,8,1.85,BR,1694841578
441,choibalsan,48.0667,114.5,11.68,85,100,3.62,MN,1694841578
442,flying fish cove,-10.4217,105.6791,25.82,78,100,6.69,CX,1694841308
443,lospalos,-8.5186,127.0025,26.74,57,40,5.89,TL,1694841579
444,fort-shevchenko,44.5086,50.263,20.8,58,11,1.03,KZ,1694841579
445,chernyshevskiy,63.0128,112.4714,7.49,38,17,3.15,RU,1694841579
446,gaspe,48.8334,-64.4819,14.95,100,100,0.0,CA,1694841579
447,badger,64.8,-147.5333,9.84,79,40,2.57,US,1694841580
448,saldanha,-33.0117,17.9442,12.16,60,69,7.65,ZA,1694841580
449,happy valley-goose bay,53.3168,-60.3315,7.17,93,20,1.54,CA,1694841580
450,hovd,48.0056,91.6419,13.15,39,9,3.01,MN,1694841580
451,praia da vitoria,38.7333,-27.0667,20.14,68,40,6.93,PT,1694841581
452,sao joao do paraiso,-15.3136,-42.0144,18.3,91,26,3.97,BR,1694841581
453,santander,43.4647,-3.8044,22.39,75,20,3.6,ES,1694841409
454,sur,22.5667,59.5289,31.18,59,33,4.08,OM,1694841581
455,trairi,-3.2778,-39.2689,25.6,83,78,6.02,BR,1694841565
456,goundam,16.4145,-3.6708,30.5,46,99,2.98,ML,1694841582
457,hilo,19.7297,-155.09,26.27,90,100,5.14,US,1694841334
458,midvagur,62.0511,-7.1939,3.46,87,21,0.0,FO,1694841582
459,irymple,-34.25,142.1667,28.38,26,0,6.76,AU,1694841582
460,taro,-8.3862,115.28,25.0,57,92,1.98,ID,1694841583
461,pathein,16.7833,94.7333,30.87,67,78,5.05,MM,1694841583
462,emerald,-23.5333,148.1667,29.08,14,0,6.33,AU,1694841583
463,amstetten,48.1229,14.8721,13.9,91,2,1.26,AT,1694841583
464,mazagao,-0.115,-51.2894,27.03,88,17,2.6,BR,1694841583
465,tabas,33.5959,56.9244,30.31,15,0,0.5,IR,1694841584
466,whangarei,-35.7317,174.3239,15.26,62,37,0.16,NZ,1694841563
467,kuala belait,4.5833,114.1833,32.09,59,94,2.08,BN,1694841584
468,belozersk,60.0326,37.7957,9.25,84,70,4.06,RU,1694841584
469,kirakira,-10.4544,161.9205,25.54,82,99,3.77,SB,1694841584
470,timaru,-44.4,171.25,14.53,60,100,5.08,NZ,1694841585
471,coney island,40.5779,-73.994,18.36,60,0,8.23,US,1694841527
472,podgornoye,51.735,39.1496,12.12,82,0,3.0,RU,1694841585
473,brokopondo,4.75,-55.1667,26.2,78,61,4.27,SR,1694841585
474,cardenas,23.0375,-81.2047,24.42,87,5,2.16,CU,1694841585
475,suhbaatar,50.2314,106.2078,12.11,76,100,0.3,MN,1694841586
476,creston,41.0586,-94.3614,16.85,88,0,2.06,US,1694841586
477,carauari,-4.8828,-66.8958,25.78,51,67,1.24,BR,1694841586
478,picos,-7.0769,-41.4669,24.39,34,20,2.22,BR,1694841586
479,tapes,-30.6733,-51.3958,12.22,83,33,3.85,BR,1694841586
480,petrolina,-9.3986,-40.5008,25.03,65,0,5.14,BR,1694841587
481,nyaunglebin,17.95,96.7333,26.73,89,100,0.52,MM,1694841587
482,bonthe,7.5264,-12.505,24.35,92,100,2.84,SL,1694841587
483,uturoa,-16.7333,-151.4333,25.24,80,99,7.63,PF,1694841587
484,whakatane,-37.9585,176.9854,15.49,74,19,3.07,NZ,1694841587
485,polyarnyy,69.1989,33.4478,5.1,84,48,5.12,RU,1694841588
486,inongo,-1.95,18.2667,20.55,96,99,2.41,CD,1694841588
487,dahab,28.501,34.5134,29.19,40,0,4.65,EG,1694841588
488,vredendal,-31.6683,18.5012,9.72,82,66,3.24,ZA,1694841588
489,gur'yevsk,54.2833,85.9333,14.88,76,100,0.27,RU,1694841589
490,lycksele,64.5954,18.6735,7.93,93,75,1.03,SE,1694841589
491,puerto baquerizo moreno,-0.9,-89.6,22.96,75,79,3.96,EC,1694841436
492,maceio,-9.6658,-35.7353,21.69,100,20,1.54,BR,1694841590
493,besuki,-7.7338,113.6979,28.96,63,42,3.01,ID,1694841590
494,grajau,-5.8194,-46.1386,25.83,43,1,1.4,BR,1694841590
495,mar del plata,-38.0023,-57.5575,13.94,79,100,0.89,AR,1694841443
496,yelan'-koleno,51.1523,41.2306,15.94,51,100,1.91,RU,1694841591
497,safaga,26.7292,33.9365,28.93,41,0,6.32,EG,1694841591
498,kayangel,8.0823,134.7173,28.2,75,100,4.31,PW,1694841591
499,gazojak,41.1875,61.4036,21.59,27,7,5.03,TM,1694841591
500,pyay,18.8167,95.2167,30.64,69,94,1.47,MM,1694841591
501,darwin,-12.4611,130.8418,32.99,17,0,7.72,AU,1694841424
502,new norfolk,-42.7826,147.0587,13.17,89,96,1.68,AU,1694841592
503,zunyi,27.6867,106.9072,26.4,57,1,2.43,CN,1694841592
504,roma,43.2128,-75.4557,13.15,90,0,0.0,US,1694841592
505,itoman,26.1247,127.6694,30.01,84,75,5.14,JP,1694841592
506,mount airy,36.4993,-80.6073,17.81,82,0,0.45,US,1694841481
507,calvi,42.5,8.8333,19.35,64,75,3.09,FR,1694841593
508,broome,42.2506,-75.833,11.36,94,30,0.45,US,1694841593
509,ta`u,-14.2336,-169.5144,26.75,81,99,9.24,AS,1694841593
510,north bay,46.3168,-79.4663,12.84,91,0,0.0,CA,1694841593
511,raciborz,50.0919,18.2193,13.47,94,0,1.71,PL,1694841594
512,kermanshah,34.3142,47.065,19.5,17,0,0.0,IR,1694841594
513,canico,32.6333,-16.85,23.35,84,40,6.17,PT,1694841594
514,mikhaylovka,50.06,43.2379,13.72,46,97,2.56,RU,1694841594
515,dumbea,-22.15,166.45,22.77,99,87,5.81,NC,1694841595
516,dunedin,-45.8742,170.5036,13.22,68,100,0.45,NZ,1694841595
517,la ronge,55.1001,-105.2842,13.14,82,0,2.57,CA,1694841595
518,krasnyye baki,57.131,45.1599,16.15,58,83,1.59,RU,1694841595
519,louis trichardt,-23.0439,29.9032,21.51,32,0,1.48,ZA,1694841595
520,djambala,-2.5447,14.7533,19.38,93,29,1.24,CG,1694841596
521,sinjar,36.3209,41.8754,28.26,16,0,1.96,IQ,1694841596
522,antsiranana,-12.2787,49.2917,25.03,63,35,8.66,MG,1694841596
523,tres arroyos,-38.3739,-60.2798,11.24,78,100,1.82,AR,1694841596
524,ordynskoye,54.3656,81.8994,15.85,66,100,2.67,RU,1694841596
525,aasiaat,68.7098,-52.8699,1.04,90,100,5.04,GL,1694841597
526,kathmandu,27.7167,85.3167,28.12,65,40,2.06,NP,1694841340
527,narathiwat,6.3333,101.75,30.92,62,93,0.04,TH,1694841597
528,roxas,11.5853,122.7511,29.52,77,59,2.34,PH,1694841597
529,humberto de campos,-2.5983,-43.4611,25.89,80,18,4.29,BR,1694841598
530,benjamin constant,-4.3831,-70.0311,23.07,97,92,1.09,BR,1694841598
531,myeik,12.4333,98.6,25.28,93,100,4.85,MM,1694841598
532,atlantis,-33.5667,18.4834,11.19,81,86,4.84,ZA,1694841598
533,trnava,48.3774,17.5872,16.6,74,21,1.85,SK,1694841599
534,lerwick,60.1545,-1.1494,10.0,81,100,5.86,GB,1694841599
535,ulsteinvik,62.3432,5.8487,12.73,93,98,0.89,NO,1694841599
536,celestun,20.8667,-90.4,27.15,83,0,4.91,MX,1694841599
537,mubende,0.5606,31.39,19.65,74,99,0.14,UG,1694841599
538,monte alegre,-2.0078,-54.0692,27.22,57,29,2.53,BR,1694841600
539,kavaratti,10.5669,72.642,27.58,77,96,3.57,IN,1694841600
540,cordeiropolis,-22.4819,-47.4567,13.79,82,0,1.24,BR,1694841600
541,elliot lake,46.3834,-82.6331,11.63,98,58,1.93,CA,1694841575
542,nabire,-3.3667,135.4833,28.33,77,93,1.33,ID,1694841601
543,chegdomyn,51.1167,133.0167,15.0,44,1,1.28,RU,1694841601
544,tabou,4.423,-7.3528,24.55,90,99,3.48,CI,1694841601
545,saint-philippe,-21.3585,55.7679,24.77,75,42,5.33,RE,1694841602
546,lingig,8.0389,126.4125,29.59,74,68,3.03,PH,1694841602
547,dalnegorsk,44.5604,135.5701,26.1,48,72,1.92,RU,1694841602
548,pikalevo,59.5183,34.1664,6.99,89,8,1.23,RU,1694841602
549,rongelap,11.1635,166.8941,28.91,76,41,7.21,MH,1694841603
550,nuuk,64.1835,-51.7216,2.34,80,100,3.09,GL,1694841603
551,alenquer,-1.9417,-54.7383,26.85,55,54,0.98,BR,1694841603
552,tromso,69.6496,18.957,1.01,93,0,1.03,NO,1694841603
553,lugu,23.7464,120.7525,32.56,57,97,2.77,TW,1694841604
554,campobello di mazara,37.6358,12.7443,24.37,57,80,2.34,IT,1694841604
555,guarapuava,-25.3953,-51.4581,8.12,75,1,1.17,BR,1694841604
556,la junta,37.985,-103.5438,14.48,94,100,3.09,US,1694841604
557,sredets,42.3475,27.179,19.06,75,32,0.7,BG,1694841604
558,ciudad bolivar,8.1222,-63.5497,27.75,63,45,3.94,VE,1694841605
559,maun,-19.9833,23.4167,12.98,44,0,1.54,BW,1694841605
560,imeni morozova,59.9757,31.0376,10.03,76,59,2.79,RU,1694841605
561,haiku-pauwela,20.9219,-156.3051,25.58,83,40,6.17,US,1694841605
562,santa rosalia,27.3167,-112.2833,28.06,38,0,3.22,MX,1694841606
563,aleksandrovsk,59.158,57.5624,16.56,95,82,1.4,RU,1694841606
564,bodo,67.28,14.405,10.53,82,40,7.2,NO,1694841606
565,madinat sittah uktubar,29.8167,31.05,23.78,72,0,4.52,EG,1694841606
566,pombas,17.1503,-25.0201,25.88,79,88,3.87,CV,1694841607
567,bakchar,57.0186,82.0711,17.16,58,45,1.72,RU,1694841607
568,nangomba,-10.9,38.5,22.96,72,7,2.29,TZ,1694841607
569,ungsang-nodongjagu,42.3578,130.4622,22.0,76,100,2.56,KP,1694841608
570,ambon,-3.6954,128.1814,28.08,69,20,3.6,ID,1694841608
571,tangalle,6.024,80.7911,29.4,68,62,4.61,LK,1694841608
572,daru,-9.0763,143.2092,25.63,65,59,6.54,PG,1694841608
573,calama,-22.4667,-68.9333,12.22,25,0,3.04,CL,1694841248
574,sawakin,19.1059,37.3321,33.09,41,67,1.55,SD,1694841609
575,ust'-kut,56.7938,105.7672,18.21,41,6,1.61,RU,1694841609
576,belmonte,-15.8631,-38.8828,22.94,82,5,1.38,BR,1694841609
577,buala,-8.145,159.5921,26.02,86,100,2.43,SB,1694841609
578,piatykhatky,48.4133,33.7106,12.89,75,3,5.49,UA,1694841610
